0.978102
0.965066
0.982927
0.945770
0.972292
0.960494
0.968599
0.966518
0.984169
0.952038
0.967597
0.987245
0.969072
0.983010
0.955556
0.963918
0.972527
0.981265
0.975446
0.984772
0.920455
0.969326
0.984055
0.967078
0.983173
0.965675
0.984211
0.951567
0.979215
0.949074
0.974026
0.934240
0.967231
0.969925
0.969697
0.977887
0.943925
0.974478
0.965969
0.969412
0.964509
0.975410
0.950119
0.966133
0.972665
0.971861
0.971496
0.969838
0.977477
0.950372
0.971867
0.956621
0.977654
0.932203
0.965206
0.977887
0.967010
0.983607
0.942792
0.981439
0.952381
0.983294
0.982587
0.981233
0.945578
0.969781
0.975490
0.966457
0.981818
0.962353
0.980583
0.953930
0.968037
0.962105
0.982885
0.940299
0.967396
