0.990148
0.995495
0.961814
0.956140
0.972292
0.965261
0.985258
0.962222
0.920988
0.961259
0.967088
0.987245
0.997877
0.978261
0.959821
0.937343
0.959350
0.990544
0.973274
0.955665
0.944056
0.968344
0.995392
0.991561
0.962353
0.961276
0.946835
0.962536
0.990654
0.980861
0.919118
0.953704
0.966429
0.989770
0.991150
0.961353
0.955083
0.967742
0.943734
0.985646
0.970588
0.929688
0.959233
0.965399
0.993023
0.991170
0.951163
0.954338
0.968750
0.957500
0.989583
0.978972
0.913838
0.948276
0.964661
1.000000
0.997872
0.963303
0.942792
0.983721
0.947368
0.988010
0.972906
0.926582
0.967517
0.969007
0.985149
0.997835
0.954545
0.962353
0.961905
0.961749
0.988345
0.974414
0.928406
0.954545
0.966925
